-5,-1.86303,-0.1615626,-0.09422224,-0.05910173,-0.03764141,-0.02319344,-0.01283129,-0.005067023,0.000937368,0.005691593, ,,,,,,,,,,,,,,,,,, , 
-4,-1.780857,0.07101581,0.07917796,0.08487775,0.08863129,0.09125378,0.09317425,0.09462654,0.09574777,0.09662421, ,,,,,,,,,,,,,,,,,, , 
-3,-1.691631,0.3028296,0.2522245,0.2286623,0.2147875,0.2056292,0.1991361,0.1942953,0.1905467,0.1875553, ,,,,,,,,,,,,,,,,,, , 
-2,-1.595533,0.5336599,0.424748,0.3721069,0.3406967,0.319812,0.3049401,0.29383,0.2852289,0.2783824, ,,,,,,,,,,,,,,,,,, , 
-1,-1.492768,0.7632906,0.59658,0.5150673,0.466229,0.4336817,0.4104724,0.3931218,0.3796889,0.369003, ,,,,,,,,,,,,,,,,,, , 
0,-1.383559,0.9915087,0.7675543,0.6574003,0.5912554,0.5471186,0.51562,0.4920623,0.473822,0.4593151, ,,,,,,,,,,,,,,,,,, , 
1,-1.268144,1.218105,0.9375065,0.7989645,0.7156481,0.6600039,0.6202704,0.5905439,0.5675241,0.5492174, ,,,,,,,,,,,,,,,,,, , 
2,-1.146784,1.442874,1.106275,0.93962,0.8392804,0.77222,0.7243123,0.6884597,0.6606919,0.6386093, ,,,,,,,,,,,,,,,,,, , 
3,-1.019753,1.665616,1.2737,1.079229,0.9620278,0.8836509,0.8276358,0.7857044,0.7532235,0.7273914, ,,,,,,,,,,,,,,,,,, , 
4,-0.8873429,1.886134,1.439627,1.217656,1.083767,0.9941822,0.9301324,0.8821739,0.8450182,0.8154656, ,,,,,,,,,,,,,,,,,, , 
5,-0.7498611,2.104239,1.603902,1.35477,1.204379,1.103702,1.031696,0.9777661,0.9359768,0.9027354, ,,,,,,,,,,,,,,,,,, , 
6,-0.6076295,2.319746,1.766378,1.490439,1.323744,1.212099,1.132221,1.07238,1.026002,0.9891059, ,,,,,,,,,,,,,,,,,, , 
7,-0.4609838,2.532476,1.92691,1.624538,1.441748,1.319267,1.231607,1.165919,1.114999,1.074484, ,,,,,,,,,,,,,,,,,, , 
8,-0.3102727,2.742258,2.085357,1.756943,1.558279,1.4251,1.329752,1.258286,1.202875,1.15878, ,,,,,,,,,,,,,,,,,, , 
9,-0.1558571,2.948927,2.241586,1.887537,1.673227,1.529497,1.426561,1.349387,1.28954,1.241906, ,,,,,,,,,,,,,,,,,, , 
10,0.001891396,3.152326,2.395465,2.016204,1.786488,1.632359,1.52194,1.439134,1.374905,1.323774, ,,,,,,,,,,,,,,,,,, , 
11,0.162591,3.352303,2.54687,2.142833,1.89796,1.733591,1.615797,1.527437,1.458885,1.404304, ,,,,,,,,,,,,,,,,,, , 
12,0.325851,3.548716,2.695682,2.267318,2.007545,1.833101,1.708046,1.614214,1.5414,1.483415, ,,,,,,,,,,,,,,,,,, , 
13,0.4912726,3.741431,2.841786,2.389558,2.11515,1.930801,1.798601,1.699383,1.622371,1.561029, ,,,,,,,,,,,,,,,,,, , 
14,0.6584505,3.930323,2.985076,2.509456,2.220686,2.026607,1.887385,1.782866,1.701722,1.637075, ,,,,,,,,,,,,,,,,,, , 
15,0.8269731,4.115272,3.125449,2.626921,2.324068,2.120439,1.974319,1.864591,1.779382,1.711482, ,,,,,,,,,,,,,,,,,, , 
16,0.9964247,4.296171,3.262811,2.741867,2.425216,2.212223,2.059331,1.944487,1.855283,1.784183, ,,,,,,,,,,,,,,,,,, , 
17,1.166386,4.472919,3.397074,2.854214,2.524056,2.301886,2.142355,2.02249,1.929362,1.855117, ,,,,,,,,,,,,,,,,,, , 
18,1.336434,4.645426,3.528155,2.963886,2.620517,2.389363,2.223326,2.098537,2.001557,1.924224, ,,,,,,,,,,,,,,,,,, , 
19,1.506147,4.813609,3.65598,3.070814,2.714535,2.474592,2.302185,2.17257,2.071815,1.991451, ,,,,,,,,,,,,,,,,,, , 
20,1.675102,4.977397,3.780481,3.174936,2.806049,2.557516,2.378877,2.244538,2.140082,2.056746, ,,,,,,,,,,,,,,,,,, , 
21,1.842876,5.136726,3.901597,3.276194,2.895006,2.638083,2.453353,2.314392,2.206313,2.120063, ,,,,,,,,,,,,,,,,,, , 
22,2.009048,5.291543,4.019275,3.374536,2.981358,2.716247,2.525567,2.382087,2.270463,2.18136, ,,,,,,,,,,,,,,,,,, , 
23,2.173204,5.441803,4.133467,3.469917,3.065059,2.791966,2.595478,2.447585,2.332495,2.240601, ,,,,,,,,,,,,,,,,,, , 
24,2.33493,5.587471,4.244135,3.5623,3.146074,2.865203,2.663053,2.510852,2.392375,2.297751, ,,,,,,,,,,,,,,,,,, , 
25,2.493821,5.728523,4.351247,3.651651,3.22437,2.935928,2.728259,2.571856,2.450073,2.352781, ,,,,,,,,,,,,,,,,,, , 
26,2.649475,5.864943,4.454778,3.737943,3.29992,3.004113,2.791072,2.630574,2.505566,2.405669, ,,,,,,,,,,,,,,,,,, , 
27,2.801501,5.996723,4.554711,3.821157,3.372704,3.069739,2.851471,2.686985,2.558834,2.456395, ,,,,,,,,,,,,,,,,,, , 
28,2.949517,6.123866,4.651036,3.901279,3.442706,3.13279,2.909441,2.741074,2.60986,2.504942, ,,,,,,,,,,,,,,,,,, , 
29,3.093148,6.246385,4.743749,3.978301,3.509918,3.193256,2.964971,2.792831,2.658635,2.551302, ,,,,,,,,,,,,,,,,,, , 
30,3.232031,6.3643,4.832855,4.052222,3.574335,3.251132,3.018056,2.842249,2.705154,2.595468, ,,,,,,,,,,,,,,,,,, , 
31,3.365818,6.477641,4.918365,4.123046,3.63596,3.306418,3.068695,2.889328,2.749414,2.637439, ,,,,,,,,,,,,,,,,,, , 
32,3.494169,6.586445,5.000298,4.190785,3.694799,3.35912,3.116893,2.934071,2.79142,2.677219, ,,,,,,,,,,,,,,,,,, , 
33,3.61676,6.690759,5.078678,4.255454,3.750865,3.409248,3.162659,2.976488,2.831179,2.714814, ,,,,,,,,,,,,,,,,,, , 
34,3.733283,6.790639,5.153536,4.317077,3.804177,3.456818,3.206007,3.016591,2.868704,2.750238, ,,,,,,,,,,,,,,,,,, , 
35,3.843443,6.886146,5.224911,4.375682,3.854757,3.501851,3.246956,3.054399,2.904012,2.783506, ,,,,,,,,,,,,,,,,,, , 
36,3.946962,6.977351,5.292848,4.431302,3.902635,3.544371,3.28553,3.089932,2.937124,2.81464, ,,,,,,,,,,,,,,,,,, , 
37,4.04358,7.064332,5.357395,4.483977,3.947844,3.58441,3.321757,3.123219,2.968067,2.843664, ,,,,,,,,,,,,,,,,,, , 
38,4.133055,7.147173,5.418611,4.533752,3.990422,3.622002,3.355669,3.154289,2.996869,2.870607, ,,,,,,,,,,,,,,,,,, , 
39,4.21516,7.225966,5.476557,4.580675,4.030412,3.657186,3.387302,3.183179,3.023565,2.895503, ,,,,,,,,,,,,,,,,,, , 
40,4.289692,7.300809,5.5313,4.624803,4.067863,3.690006,3.416698,3.209926,3.048192,2.918389, ,,,,,,,,,,,,,,,,,, , 
41,4.356463,7.371805,5.582913,4.666193,4.102825,3.720509,3.443902,3.234574,3.070792,2.939304, ,,,,,,,,,,,,,,,,,, , 
42,4.415308,7.439063,5.631473,4.704909,4.135355,3.748747,3.468961,3.25717,3.09141,2.958292, ,,,,,,,,,,,,,,,,,, , 
43,4.466081,7.502699,5.677064,4.741021,4.165515,3.774775,3.491929,3.277763,3.110095,2.975403, ,,,,,,,,,,,,,,,,,, , 
44,4.508658,7.562832,5.71977,4.774598,4.193366,3.798653,3.512861,3.296406,3.126899,2.990685, ,,,,,,,,,,,,,,,,,, , 
45,4.542936,7.619585,5.759684,4.805718,4.218977,3.820443,3.531817,3.313158,3.141875,3.004193, ,,,,,,,,,,,,,,,,,, , 
46,4.568832,7.673087,5.796899,4.83446,4.24242,3.84021,3.548858,3.328077,3.155084,3.015984, ,,,,,,,,,,,,,,,,,, , 
47,4.586286,7.723468,5.831513,4.860905,4.263767,3.858024,3.564049,3.341226,3.166585,3.026118, ,,,,,,,,,,,,,,,,,, , 
48,4.595261,7.770864,5.863626,4.88514,4.283095,3.873954,3.577458,3.352671,3.176441,3.034655, ,,,,,,,,,,,,,,,,,, , 
49,4.59574,7.815411,5.893343,4.907252,4.300484,3.888076,3.589156,3.362478,3.184719,3.041661, ,,,,,,,,,,,,,,,,,, , 
50,4.587729,7.857249,5.920769,4.927332,4.316016,3.900466,3.599214,3.370718,3.191487,3.047202, ,,,,,,,,,,,,,,,,,, , 
51,4.571256,7.896519,5.946013,4.945472,4.329774,3.911201,3.607707,3.377462,3.196813,3.051346, ,,,,,,,,,,,,,,,,,, , 
52,4.54637,7.933362,5.969183,4.961768,4.341843,3.920361,3.614712,3.382783,3.20077,3.054164, ,,,,,,,,,,,,,,,,,, , 
53,4.513143,7.967923,5.990392,4.976314,4.352312,3.928029,3.620305,3.386757,3.203431,3.055727, ,,,,,,,,,,,,,,,,,, , 
54,4.471669,8.000344,6.00975,4.989207,4.361267,3.934286,3.624566,3.389461,3.204869,3.056108, ,,,,,,,,,,,,,,,,,, , 
55,4.422061,8.030769,6.027372,5.000546,4.368799,3.939216,3.627575,3.39097,3.205161,3.055381, ,,,,,,,,,,,,,,,,,, , 
56,4.364456,8.05934,6.043369,5.01043,4.374998,3.942905,3.629412,3.391364,3.204382,3.05362, ,,,,,,,,,,,,,,,,,, , 
57,4.29901,8.086199,6.057855,5.018956,4.379953,3.945436,3.630159,3.39072,3.20261,3.050901, ,,,,,,,,,,,,,,,,,, , 
58,4.225899,8.111487,6.070941,5.026224,4.383756,3.946896,3.629897,3.389119,3.19992,3.0473, ,,,,,,,,,,,,,,,,,, , 
59,4.145319,8.13534,6.082741,5.032331,4.386496,3.947369,3.628709,3.386638,3.196392,3.042892, ,,,,,,,,,,,,,,,,,, , 
60,4.057487,8.157896,6.093364,5.037376,4.388265,3.94694,3.626674,3.383358,3.1921,3.037753, ,,,,,,,,,,,,,,,,,, , 
,,,,,,,,,,,,,,,,,,,,,,,,,,,,, , 
